15 117
15 118
15 119
15 120
15 121
15 123
15 124
15 125
15 126
15 127
15 128
15 129
16 110
16 111
16 112
16 113
16 114
16 115
16 116
16 117
16 118
16 119
16 120
16 121
16 122
16 123
16 124
16 125
16 126
16 127
16 128
16 129
16 130
16 131
16 132
16 133
16 134
16 135
17 104
17 105
17 106
17 107
17 108
17 109
17 110
17 111
17 112
17 113
17 114
17 115
17 116
17 117
17 118
17 119
17 120
17 121
17 122
17 123
17 124
17 125
17 126
17 127
17 128
17 129
17 130
17 131
17 132
17 133
17 134
17 135
17 136
17 137
17 138
17 139
17 140
17 141
17 142
17 143
18 100
18 101
18 102
18 103
18 104
18 105
18 106
18 107
18 108
18 109
18 110
18 111
18 112
18 113
18 114
18 115
18 116
18 117
18 118
18 119
18 120
18 121
18 122
18 123
18 124
18 127
18 128
18 129
18 130
18 131
18 132
18 133
18 134
18 135
18 136
18 137
18 138
18 139
18 140
18 141
18 142
18 143
18 144
18 145
18 146
19 96
19 97
19 98
19 99
19 100
19 101
19 102
19 103
19 104
19 105
19 106
19 107
19 108
19 109
19 110
19 111
19 123
19 124
19 127
19 128
19 133
19 134
19 135
19 136
19 137
19 138
19 139
19 140
19 141
19 142
19 143
19 144
19 145
19 146
19 147
19 148
19 149
19 150
20 95
20 96
20 97
20 98
20 99
20 100
20 101
20 102
20 103
20 104
20 105
20 125
20 126
20 143
20 144
20 145
20 146
20 147
20 148
20 149
20 150
20 151
20 152
20 153
21 92
21 93
21 94
21 95
21 96
21 97
21 98
21 99
21 100
21 119
21 120
21 125
21 126
21 147
21 148
21 149
21 150
21 151
21 152
21 153
21 154
22 89
22 90
22 91
22 92
22 93
22 94
22 95
22 96
22 97
22 119
22 120
22 150
22 151
22 152
22 153
22 154
22 155
22 156
22 157
23 88
23 89
23 90
23 91
23 92
23 93
23 94
23 95
23 96
23 108
23 109
23 118
23 119
23 126
23 127
23 128
23 140
23 141
23 152
23 153
23 154
23 155
23 156
23 157
23 158
24 85
24 86
24 87
24 88
24 89
24 90
24 91
24 92
24 108
24 109
24 115
24 116
24 118
24 119
24 126
24 127
24 128
24 129
24 140
24 141
24 152
24 153
24 154
24 155
24 156
24 157
24 158
24 159
24 160
24 161
25 83
25 84
25 85
25 86
25 87
25 88
25 89
25 90
25 108
25 109
25 110
25 115
25 116
25 127
25 128
25 129
25 152
25 153
25 155
25 156
25 157
25 158
25 159
25 160
25 161
25 162
26 82
26 83
26 84
26 85
26 86
26 87
26 88
26 109
26 110
26 155
26 156
26 157
26 158
26 159
26 160
26 161
26 162
26 163
26 164
27 79
27 80
27 81
27 82
27 83
27 84
27 85
27 86
27 87
27 106
27 107
27 118
27 119
27 122
27 123
27 139
27 140
27 154
27 155
27 156
27 160
27 161
27 162
27 163
27 164
27 165
27 166
28 77
28 78
28 79
28 80
28 81
28 82
28 83
28 84
28 86
28 87
28 105
28 106
28 107
28 118
28 119
28 122
28 123
28 125
28 126
28 139
28 140
28 141
28 154
28 155
28 156
28 161
28 162
28 163
28 164
28 165
28 166
28 167
28 168
29 76
29 77
29 78
29 79
29 80
29 81
29 82
29 83
29 105
29 106
29 125
29 126
29 139
29 140
29 141
29 142
29 163
29 164
29 165
29 166
29 167
29 168
29 169
30 75
30 76
30 77
30 78
30 79
30 80
30 105
30 106
30 119
30 120
30 121
30 139
30 140
30 141
30 142
30 144
30 145
30 165
30 166
30 167
30 168
30 169
30 170
31 73
31 74
31 75
31 76
31 77
31 78
31 79
31 119
31 120
31 121
31 140
31 141
31 142
31 144
31 145
31 146
31 166
31 167
31 168
31 169
31 170
31 171
32 72
32 73
32 74
32 75
32 76
32 77
32 144
32 145
32 146
32 166
32 167
32 168
32 169
32 170
32 171
32 172
32 173
33 71
33 72
33 73
33 74
33 75
33 76
33 159
33 160
33 167
33 168
33 169
33 170
33 171
33 172
33 173
33 174
34 69
34 70
34 71
34 72
34 73
34 74
34 129
34 130
34 144
34 145
34 146
34 159
34 160
34 167
34 168
34 169
34 170
34 171
34 172
34 173
34 174
34 175
35 68
35 69
35 70
35 71
35 72
35 73
35 129
35 130
35 144
35 145
35 146
35 172
35 173
35 174
35 175
35 176
36 67
36 68
36 69
36 70
36 71
36 72
36 84
36 85
36 92
36 93
36 94
36 173
36 174
36 175
36 176
36 177
37 65
37 66
37 67
37 68
37 69
37 70
37 71
37 84
37 85
37 86
37 92
37 93
37 94
37 174
37 175
37 176
37 177
37 178
38 64
38 65
38 66
38 67
38 68
38 69
38 85
38 86
38 92
38 93
38 175
38 176
38 177
38 178
38 179
39 63
39 64
39 65
39 66
39 67
39 68
39 153
39 154
39 155
39 176
39 177
39 178
39 179
39 180
40 62
40 63
40 64
40 65
40 66
40 67
40 153
40 154
40 155
40 177
40 178
40 179
40 180
41 61
41 62
41 63
41 64
41 65
41 178
41 179
41 180
41 181
42 60
42 61
42 62
42 63
42 64
42 65
42 66
42 67
42 79
42 80
42 178
42 179
42 180
42 181
42 182
43 59
43 60
43 61
43 62
43 63
43 66
43 67
43 79
43 80
43 179
43 180
43 181
43 182
43 183
44 58
44 59
44 60
44 61
44 62
44 63
44 180
44 181
44 182
44 183
45 58
45 59
45 60
45 61
45 62
45 181
45 182
45 183
45 184
46 57
46 58
46 59
46 60
46 61
46 173
46 174
46 181
46 182
46 183
46 184
46 185
47 56
47 57
47 58
47 59
47 60
47 173
47 174
47 182
47 183
47 184
47 185
48 56
48 57
48 58
48 59
48 65
48 66
48 183
48 184
48 185
48 186
49 55
49 56
49 57
49 58
49 63
49 64
49 65
49 66
49 176
49 177
49 183
49 184
49 185
49 186
49 187
50 54
50 55
50 56
50 57
50 58
50 63
50 64
50 176
50 177
50 184
50 185
50 186
50 187
51 53
51 54
51 55
51 56
51 57
51 172
51 173
51 185
51 186
51 187
51 188
52 53
52 54
52 55
52 56
52 172
52 173
52 185
52 186
52 187
52 188
53 52
53 53
53 54
53 55
53 186
53 187
53 188
53 189
54 52
54 53
54 54
54 55
54 186
54 187
54 188
54 189
54 190
55 51
55 52
55 53
55 54
55 187
55 188
55 189
55 190
55 191
56 51
56 52
56 53
56 54
56 188
56 189
56 190
56 191
57 50
57 51
57 52
57 53
57 188
57 189
57 190
57 191
57 192
58 50
58 51
58 52
58 53
58 189
58 190
58 191
58 192
58 193
59 49
59 50
59 51
59 52
59 190
59 191
59 192
59 193
60 49
60 50
60 51
60 52
60 188
60 189
60 191
60 192
60 193
61 48
61 49
61 50
61 51
61 188
61 189
61 191
61 192
61 193
61 194
62 48
62 49
62 50
62 51
62 192
62 193
62 194
63 48
63 49
63 50
63 192
63 193
63 194
63 195
64 47
64 48
64 49
64 50
64 192
64 193
64 194
64 195
64 196
65 47
65 48
65 49
65 50
65 193
65 194
65 195
65 196
65 197
66 47
66 48
66 49
66 194
66 195
66 196
66 197
67 46
67 47
67 48
67 49
67 195
67 196
67 197
67 198
68 46
68 47
68 48
68 49
68 113
68 114
68 115
68 116
68 117
68 118
68 119
68 120
68 121
68 122
68 123
68 124
68 125
68 126
68 127
68 128
68 129
68 130
68 131
68 132
68 133
68 134
68 135
68 136
68 137
68 195
68 196
68 197
68 198
68 199
69 46
69 47
69 48
69 108
69 109
69 110
69 111
69 112
69 113
69 114
69 115
69 116
69 117
69 118
69 119
69 120
69 121
69 122
69 123
69 124
69 125
69 126
69 127
69 128
69 129
69 130
69 131
69 132
69 133
69 134
69 135
69 136
69 137
69 138
69 139
69 140
69 141
69 142
69 143
69 144
69 145
69 196
69 197
69 198
69 199
70 46
70 47
70 48
70 106
70 107
70 108
70 109
70 110
70 111
70 112
70 113
70 114
70 115
70 116
70 117
70 118
70 119
70 120
70 121
70 122
70 123
70 124
70 125
70 126
70 127
70 128
70 129
70 130
70 131
70 132
70 133
70 134
70 135
70 136
70 137
70 138
70 139
70 140
70 141
70 142
70 143
70 144
70 145
70 146
70 147
70 148
70 149
70 196
70 197
70 198
70 199
70 200
71 45
71 46
71 47
71 48
71 103
71 104
71 105
71 106
71 107
71 108
71 109
71 110
71 111
71 112
71 113
71 114
71 115
71 116
71 117
71 118
71 119
71 120
71 121
71 122
71 123
71 124
71 125
71 126
71 127
71 128
71 129
71 130
71 131
71 132
71 133
71 134
71 135
71 136
71 137
71 138
71 139
71 140
71 141
71 142
71 143
71 144
71 145
71 146
71 147
71 148
71 149
71 150
71 151
71 152
71 197
71 198
71 199
71 200
71 201
71 202
72 45
72 46
72 47
72 48
72 101
72 102
72 103
72 104
72 105
72 106
72 107
72 108
72 109
72 110
72 111
72 112
72 113
72 114
72 115
72 121
72 122
72 137
72 138
72 139
72 140
72 141
72 142
72 143
72 144
72 145
72 146
72 147
72 148
72 149
72 150
72 151
72 152
72 153
72 154
72 155
72 156
72 198
72 199
72 200
72 201
72 202
72 203
73 45
73 46
73 47
73 97
73 98
73 99
73 100
73 101
73 102
73 103
73 104
73 105
73 106
73 107
73 108
73 109
73 110
73 139
73 140
73 143
73 144
73 145
73 146
73 147
73 148
73 149
73 150
73 151
73 152
73 153
73 154
73 155
73 156
73 157
73 158
73 199
73 200
73 201
73 202
73 203
74 45
74 46
74 47
74 96
74 97
74 98
74 99
74 100
74 101
74 102
74 103
74 104
74 105
74 106
74 146
74 147
74 148
74 149
74 150
74 151
74 152
74 153
74 154
74 155
74 156
74 157
74 158
74 159
74 200
74 201
74 202
74 203
74 204
75 45
75 46
75 47
75 95
75 96
75 97
75 98
75 99
75 100
75 101
75 102
75 152
75 153
75 154
75 155
75 156
75 157
75 158
75 159
75 160
75 161
75 162
75 201
75 202
75 203
75 204
76 44
76 45
76 46
76 47
76 93
76 94
76 95
76 96
76 97
76 98
76 99
76 100
76 155
76 156
76 157
76 158
76 159
76 160
76 161
76 162
76 163
76 202
76 203
76 204
76 205
76 206
77 44
77 45
77 46
77 91
77 92
77 93
77 94
77 95
77 96
77 97
77 98
77 157
77 158
77 159
77 160
77 161
77 162
77 163
77 164
77 165
77 202
77 203
77 204
77 205
77 206
77 207
78 44
78 45
78 46
78 90
78 91
78 92
78 93
78 94
78 95
78 96
78 97
78 159
78 160
78 161
78 162
78 163
78 164
78 165
78 166
78 203
78 204
78 205
78 206
78 207
78 208
79 44
79 45
79 46
79 89
79 90
79 91
79 92
79 93
79 94
79 95
79 160
79 161
79 162
79 163
79 164
79 165
79 166
79 167
79 205
79 206
79 207
79 208
80 44
80 45
80 46
80 88
80 89
80 90
80 91
80 92
80 93
80 161
80 162
80 163
80 164
80 165
80 166
80 167
80 168
80 169
80 206
80 207
80 208
81 43
81 44
81 45
81 87
81 88
81 89
81 90
81 91
81 92
81 93
81 161
81 162
81 163
81 164
81 165
81 166
81 167
81 168
81 169
81 170
81 206
81 207
81 208
81 209
82 43
82 44
82 45
82 86
82 87
82 88
82 89
82 90
82 91
82 162
82 163
82 164
82 165
82 166
82 167
82 168
82 169
82 170
82 171
82 206
82 207
82 208
82 209
82 210
82 211
83 43
83 44
83 45
83 85
83 86
83 87
83 88
83 89
83 90
83 165
83 166
83 167
83 168
83 169
83 170
83 171
83 172
83 207
83 208
83 209
83 210
83 211
84 43
84 44
84 45
84 83
84 84
84 85
84 86
84 87
84 88
84 89
84 166
84 167
84 168
84 169
84 170
84 171
84 172
84 173
84 208
84 209
84 210
84 211
84 212
85 43
85 44
85 45
85 83
85 84
85 85
85 86
85 87
85 88
85 169
85 170
85 171
85 172
85 173
85 174
85 209
85 210
85 211
85 212
86 43
86 44
86 45
86 81
86 82
86 83
86 84
86 85
86 86
86 87
86 88
86 170
86 171
86 172
86 173
86 174
86 175
86 210
86 211
86 212
87 43
87 44
87 45
87 80
87 81
87 82
87 83
87 84
87 85
87 86
87 171
87 172
87 173
87 174
87 175
87 176
87 210
87 211
87 212
87 213
88 42
88 43
88 44
88 45
88 79
88 80
88 81
88 82
88 83
88 84
88 172
88 173
88 174
88 175
88 176
88 177
88 210
88 211
88 212
88 213
89 42
89 43
89 44
89 78
89 79
89 80
89 81
89 82
89 83
89 173
89 174
89 175
89 176
89 177
89 211
89 212
89 213
90 42
90 43
90 44
90 78
90 79
90 80
90 81
90 82
90 174
90 175
90 176
90 177
90 178
90 211
90 212
90 213
90 214
91 42
91 43
91 44
91 77
91 78
91 79
91 80
91 81
91 175
91 176
91 177
91 178
91 179
91 211
91 212
91 213
91 214
92 42
92 43
92 44
92 77
92 78
92 79
92 80
92 81
92 176
92 177
92 178
92 179
92 212
92 213
92 214
92 215
93 42
93 43
93 44
93 45
93 76
93 77
93 78
93 79
93 176
93 177
93 178
93 179
93 180
93 212
93 213
93 214
93 215
94 42
94 43
94 44
94 45
94 76
94 77
94 78
94 79
94 177
94 178
94 179
94 180
94 213
94 214
94 215
95 42
95 43
95 44
95 75
95 76
95 77
95 78
95 79
95 178
95 179
95 180
95 181
95 213
95 214
95 215
96 42
96 43
96 44
96 75
96 76
96 77
96 78
96 159
96 160
96 161
96 162
96 165
96 166
96 167
96 178
96 179
96 180
96 181
96 213
96 214
96 215
96 216
97 41
97 42
97 43
97 74
97 75
97 76
97 77
97 78
97 155
97 156
97 157
97 158
97 159
97 160
97 161
97 162
97 163
97 164
97 165
97 166
97 167
97 168
97 169
97 170
97 171
97 179
97 180
97 181
97 213
97 214
97 215
97 216
98 41
98 42
98 43
98 74
98 75
98 76
98 77
98 153
98 154
98 155
98 156
98 157
98 158
98 159
98 160
98 161
98 162
98 163
98 164
98 165
98 166
98 167
98 168
98 169
98 170
98 171
98 172
98 179
98 180
98 181
98 182
98 214
98 215
98 216
98 217
99 41
99 42
99 43
99 73
99 74
99 75
99 76
99 150
99 151
99 152
99 153
99 154
99 155
99 156
99 157
99 158
99 159
99 160
99 161
99 162
99 163
99 164
99 165
99 166
99 167
99 168
99 169
99 170
99 171
99 172
99 173
99 174
99 175
99 179
99 180
99 181
99 182
99 214
99 215
99 216
99 217
100 41
100 42
100 43
100 73
100 74
100 75
100 148
100 149
100 150
100 151
100 152
100 153
100 154
100 155
100 156
100 157
100 158
100 159
100 160
100 161
100 162
100 163
100 164
100 165
100 166
100 167
100 168
100 169
100 170
100 171
100 172
100 173
100 174
100 175
100 176
100 177
100 180
100 181
100 182
100 215
100 216
100 217
101 41
101 42
101 43
101 73
101 74
101 75
101 76
101 77
101 146
101 147
101 148
101 149
101 150
101 151
101 152
101 153
101 154
101 155
101 156
101 157
101 158
101 159
101 160
101 161
101 162
101 163
101 164
101 165
101 166
101 167
101 168
101 169
101 170
101 171
101 172
101 173
101 174
101 175
101 176
101 177
101 178
101 179
101 180
101 181
101 182
101 183
101 215
101 216
101 217
101 218
102 41
102 42
102 43
102 72
102 73
102 74
102 75
102 76
102 77
102 143
102 144
102 145
102 146
102 147
102 148
102 149
102 150
102 154
102 155
102 156
102 159
102 160
102 161
102 162
102 163
102 164
102 165
102 166
102 167
102 168
102 169
102 170
102 171
102 173
102 174
102 175
102 176
102 177
102 178
102 179
102 180
102 181
102 182
102 183
102 215
102 216
102 217
102 218
103 41
103 42
103 43
103 72
103 73
103 74
103 75
103 96
103 97
103 98
103 99
103 100
103 101
103 102
103 103
103 104
103 105
103 106
103 107
103 108
103 109
103 143
103 144
103 145
103 146
103 147
103 148
103 149
103 150
103 159
103 160
103 161
103 162
103 163
103 164
103 165
103 166
103 169
103 170
103 176
103 177
103 178
103 179
103 181
103 182
103 183
103 216
103 217
103 218
104 41
104 42
104 43
104 71
104 72
104 73
104 74
104 91
104 92
104 93
104 94
104 95
104 96
104 97
104 98
104 99
104 100
104 101
104 102
104 103
104 104
104 105
104 106
104 107
104 108
104 109
104 110
104 111
104 112
104 113
104 114
104 141
104 142
104 143
104 144
104 145
104 146
104 147
104 148
104 159
104 160
104 162
104 163
104 164
104 165
104 166
104 176
104 177
104 178
104 179
104 180
104 181
104 182
104 183
104 216
104 217
104 218
105 40
105 41
105 42
105 43
105 71
105 72
105 73
105 74
105 89
105 90
105 91
105 92
105 93
105 94
105 95
105 96
105 97
105 98
105 99
105 100
105 101
105 102
105 103
105 104
105 105
105 106
105 107
105 108
105 109
105 110
105 111
105 112
105 113
105 114
105 115
105 116
105 117
105 140
105 141
105 142
105 143
105 144
105 172
105 173
105 177
105 178
105 179
105 180
105 181
105 182
105 183
105 184
105 216
105 217
105 218
105 219
106 40
106 41
106 42
106 71
106 72
106 73
106 74
106 87
106 88
106 89
106 90
106 91
106 92
106 95
106 96
106 97
106 98
106 99
106 100
106 101
106 102
106 103
106 104
106 105
106 106
106 107
106 108
106 109
106 110
106 111
106 112
106 113
106 114
106 115
106 116
106 117
106 140
106 141
106 142
106 163
106 164
106 165
106 172
106 173
106 175
106 176
106 177
106 179
106 180
106 181
106 182
106 183
106 184
106 217
106 218
106 219
107 40
107 41
107 42
107 71
107 72
107 73
107 74
107 75
107 86
107 87
107 88
107 89
107 90
107 91
107 92
107 96
107 97
107 98
107 100
107 101
107 109
107 110
107 111
107 112
107 113
107 114
107 115
107 116
107 117
107 157
107 158
107 159
107 160
107 161
107 162
107 163
107 164
107 165
107 175
107 176
107 177
107 182
107 183
107 184
107 185
107 217
107 218
107 219
108 40
108 41
108 42
108 71
108 72
108 73
108 74
108 75
108 84
108 85
108 86
108 87
108 88
108 89
108 90
108 96
108 97
108 98
108 139
108 140
108 153
108 154
108 155
108 156
108 157
108 158
108 159
108 160
108 161
108 162
108 163
108 164
108 165
108 166
108 167
108 168
108 169
108 170
108 182
108 183
108 184
108 185
108 217
108 218
108 219
109 40
109 41
109 42
109 71
109 72
109 73
109 83
109 84
109 85
109 86
109 87
109 88
109 89
109 90
109 91
109 97
109 98
109 99
109 100
109 101
109 102
109 107
109 108
109 139
109 140
109 151
109 152
109 153
109 154
109 155
109 156
109 157
109 158
109 159
109 160
109 161
109 162
109 163
109 164
109 165
109 166
109 167
109 168
109 169
109 170
109 171
109 182
109 183
109 184
109 185
109 217
109 218
109 219
109 220
110 39
110 40
110 41
110 42
110 71
110 72
110 73
110 74
110 83
110 84
110 85
110 86
110 87
110 88
110 89
110 90
110 91
110 92
110 97
110 98
110 99
110 100
110 101
110 102
110 107
110 108
110 150
110 151
110 152
110 153
110 154
110 155
110 156
110 157
110 158
110 159
110 160
110 161
110 162
110 163
110 164
110 165
110 166
110 167
110 168
110 169
110 170
110 171
110 172
110 173
110 183
110 184
110 185
110 186
110 217
110 218
110 219
110 220
111 39
111 40
111 41
111 42
111 71
111 72
111 73
111 74
111 81
111 82
111 83
111 85
111 86
111 88
111 89
111 90
111 91
111 92
111 148
111 149
111 150
111 151
111 152
111 153
111 154
111 155
111 156
111 157
111 158
111 159
111 160
111 161
111 162
111 163
111 164
111 165
111 166
111 167
111 168
111 169
111 170
111 171
111 172
111 173
111 183
111 184
111 185
111 186
111 218
111 219
111 220
112 39
112 40
112 41
112 68
112 69
112 70
112 71
112 72
112 73
112 74
112 79
112 80
112 81
112 82
112 83
112 88
112 89
112 90
112 106
112 107
112 108
112 109
112 147
112 148
112 149
112 150
112 151
112 152
112 153
112 154
112 155
112 156
112 157
112 158
112 159
112 160
112 161
112 162
112 163
112 164
112 165
112 166
112 167
112 168
112 169
112 170
112 171
112 172
112 173
112 174
112 175
112 176
112 177
112 178
112 179
112 180
112 181
112 182
112 183
112 184
112 185
112 186
112 218
112 219
112 220
112 221
113 38
113 39
113 40
113 41
113 68
113 69
113 70
113 71
113 72
113 79
113 80
113 81
113 82
113 83
113 88
113 89
113 100
113 101
113 102
113 103
113 104
113 105
113 106
113 107
113 108
113 109
113 110
113 111
113 112
113 147
113 148
113 149
113 153
113 154
113 155
113 156
113 157
113 158
113 159
113 160
113 161
113 162
113 163
113 164
113 165
113 166
113 167
113 168
113 169
113 170
113 171
113 172
113 173
113 174
113 175
113 176
113 177
113 178
113 179
113 180
113 181
113 182
113 183
113 184
113 185
113 186
113 187
113 218
113 219
113 220
113 221
114 38
114 39
114 40
114 41
114 68
114 69
114 70
114 71
114 72
114 75
114 76
114 79
114 80
114 81
114 82
114 83
114 97
114 98
114 99
114 100
114 101
114 102
114 103
114 104
114 105
114 106
114 107
114 108
114 109
114 110
114 111
114 112
114 113
114 114
114 147
114 148
114 149
114 153
114 154
114 155
114 163
114 164
114 165
114 166
114 167
114 168
114 169
114 170
114 171
114 172
114 173
114 174
114 175
114 176
114 177
114 178
114 179
114 180
114 181
114 182
114 183
114 184
114 185
114 186
114 187
114 219
114 220
114 221
115 37
115 38
115 39
115 40
115 68
115 69
115 70
115 71
115 72
115 75
115 76
115 79
115 80
115 81
115 94
115 95
115 96
115 97
115 98
115 99
115 100
115 101
115 102
115 103
115 104
115 105
115 106
115 107
115 108
115 109
115 110
115 111
115 112
115 113
115 114
115 115
115 141
115 142
115 153
115 154
115 163
115 164
115 165
115 168
115 169
115 170
115 171
115 172
115 173
115 174
115 175
115 176
115 177
115 178
115 179
115 180
115 184
115 185
115 186
115 187
115 219
115 220
115 221
115 222
116 36
116 37
116 38
116 39
116 40
116 68
116 69
116 70
116 71
116 72
116 80
116 81
116 93
116 94
116 95
116 96
116 97
116 98
116 99
116 100
116 101
116 102
116 103
116 104
116 105
116 106
116 107
116 108
116 109
116 110
116 114
116 115
116 116
116 140
116 141
116 142
116 151
116 152
116 153
116 154
116 163
116 164
116 165
116 168
116 169
116 170
116 171
116 172
116 173
116 174
116 175
116 176
116 177
116 178
116 179
116 180
116 181
116 182
116 183
116 184
116 185
116 186
116 187
116 188
116 219
116 220
116 221
116 222
117 36
117 37
117 38
117 39
117 68
117 69
117 70
117 71
117 72
117 92
117 93
117 94
117 95
117 96
117 97
117 98
117 99
117 100
117 101
117 102
117 103
117 104
117 105
117 106
117 107
117 108
117 109
117 110
117 111
117 115
117 116
117 140
117 141
117 142
117 149
117 150
117 151
117 152
117 153
117 154
117 155
117 156
117 163
117 164
117 165
117 166
117 167
117 168
117 169
117 170
117 171
117 172
117 173
117 174
117 175
117 176
117 177
117 178
117 179
117 180
117 181
117 182
117 183
117 184
117 185
117 186
117 187
117 188
117 219
117 220
117 221
117 222
118 35
118 36
118 37
118 38
118 68
118 69
118 70
118 79
118 80
118 91
118 92
118 93
118 94
118 95
118 96
118 97
118 98
118 99
118 100
118 101
118 102
118 103
118 104
118 105
118 106
118 107
118 108
118 109
118 110
118 111
118 112
118 113
118 140
118 141
118 145
118 146
118 147
118 148
118 149
118 150
118 151
118 152
118 153
118 154
118 155
118 156
118 157
118 158
118 159
118 160
118 161
118 162
118 163
118 164
118 165
118 166
118 167
118 168
118 169
118 170
118 171
118 172
118 173
118 174
118 175
118 176
118 177
118 178
118 179
118 180
118 181
118 182
118 183
118 184
118 185
118 186
118 187
118 188
118 189
118 219
118 220
118 221
118 222
118 223
119 35
119 36
119 37
119 38
119 68
119 69
119 79
119 80
119 90
119 91
119 92
119 93
119 94
119 95
119 96
119 97
119 98
119 99
119 100
119 101
119 103
119 104
119 105
119 110
119 111
119 112
119 113
119 114
119 123
119 124
119 140
119 141
119 145
119 146
119 147
119 148
119 149
119 150
119 151
119 152
119 154
119 155
119 156
119 157
119 158
119 159
119 160
119 161
119 162
119 163
119 164
119 165
119 166
119 167
119 168
119 169
119 170
119 171
119 172
119 173
119 174
119 175
119 176
119 177
119 178
119 179
119 180
119 181
119 182
119 183
119 186
119 187
119 188
119 189
119 220
119 221
119 222
119 223
120 34
120 35
120 36
120 37
120 68
120 69
120 70
120 71
120 89
120 90
120 91
120 92
120 93
120 94
120 95
120 96
120 97
120 98
120 99
120 103
120 104
120 105
120 109
120 110
120 111
120 112
120 113
120 114
120 123
120 124
120 140
120 141
120 145
120 146
120 147
120 148
120 149
120 150
120 151
120 157
120 158
120 159
120 160
120 161
120 165
120 166
120 167
120 168
120 169
120 170
120 172
120 173
120 174
120 175
120 176
120 177
120 178
120 179
120 180
120 181
120 182
120 187
120 188
120 189
120 190
120 221
120 222
120 223
121 34
121 35
121 36
121 37
121 67
121 68
121 69
121 70
121 71
121 78
121 79
121 88
121 89
121 90
121 91
121 92
121 93
121 94
121 95
121 96
121 97
121 98
121 99
121 109
121 110
121 111
121 112
121 123
121 124
121 139
121 140
121 141
121 145
121 146
121 147
121 148
121 149
121 159
121 160
121 161
121 172
121 173
121 174
121 175
121 176
121 179
121 180
121 181
121 182
121 183
121 187
121 188
121 189
121 190
121 194
121 195
121 196
121 221
121 222
121 223
122 33
122 34
122 35
122 36
122 67
122 68
122 69
122 70
122 71
122 78
122 79
122 80
122 81
122 87
122 88
122 89
122 90
122 94
122 95
122 96
122 97
122 98
122 99
122 100
122 109
122 110
122 115
122 116
122 117
122 118
122 119
122 123
122 124
122 139
122 140
122 141
122 159
122 160
122 161
122 171
122 172
122 173
122 174
122 175
122 176
122 177
122 181
122 182
122 183
122 187
122 188
122 189
122 190
122 194
122 195
122 196
122 220
122 221
122 222
122 223
123 33
123 34
123 35
123 36
123 67
123 68
123 69
123 70
123 71
123 79
123 80
123 81
123 82
123 83
123 84
123 87
123 88
123 89
123 95
123 96
123 98
123 99
123 100
123 108
123 109
123 110
123 115
123 116
123 117
123 118
123 119
123 139
123 140
123 141
123 171
123 172
123 173
123 174
123 175
123 176
123 177
123 178
123 188
123 189
123 190
123 191
123 194
123 195
123 220
123 221
123 222
123 223
123 224
123 225
124 33
124 34
124 35
124 36
124 67
124 68
124 69
124 70
124 71
124 72
124 80
124 81
124 82
124 83
124 84
124 85
124 86
124 87
124 88
124 89
124 92
124 93
124 94
124 95
124 96
124 98
124 99
124 100
124 106
124 107
124 108
124 109
124 110
124 111
124 112
124 115
124 116
124 117
124 118
124 119
124 139
124 140
124 141
124 142
124 146
124 147
124 148
124 149
124 150
124 167
124 168
124 169
124 170
124 171
124 172
124 173
124 174
124 175
124 176
124 177
124 178
124 188
124 189
124 190
124 191
124 220
124 221
124 222
124 223
124 224
124 225
125 33
125 34
125 35
125 36
125 67
125 68
125 69
125 70
125 71
125 72
125 80
125 81
125 82
125 83
125 84
125 85
125 86
125 87
125 88
125 89
125 90
125 91
125 92
125 93
125 94
125 95
125 96
125 97
125 98
125 99
125 100
125 101
125 102
125 103
125 104
125 105
125 106
125 107
125 108
125 109
125 110
125 111
125 112
125 115
125 116
125 117
125 118
125 119
125 140
125 141
125 142
125 146
125 147
125 148
125 149
125 150
125 151
125 152
125 153
125 154
125 157
125 158
125 159
125 160
125 161
125 162
125 163
125 164
125 165
125 166
125 167
125 168
125 169
125 170
125 171
125 172
125 173
125 174
125 175
125 176
125 177
125 178
125 189
125 190
125 191
125 220
125 221
125 222
125 223
125 224
125 225
126 32
126 33
126 34
126 35
126 36
126 68
126 69
126 70
126 71
126 72
126 76
126 77
126 78
126 79
126 80
126 81
126 82
126 83
126 84
126 85
126 86
126 87
126 88
126 89
126 90
126 91
126 94
126 95
126 96
126 97
126 98
126 99
126 100
126 101
126 102
126 103
126 104
126 105
126 106
126 107
126 108
126 109
126 110
126 111
126 112
126 146
126 147
126 148
126 149
126 150
126 151
126 152
126 153
126 154
126 155
126 156
126 157
126 158
126 159
126 160
126 161
126 162
126 163
126 164
126 165
126 166
126 167
126 168
126 169
126 170
126 171
126 172
126 173
126 174
126 189
126 190
126 191
126 192
126 223
126 224
126 225
126 226
127 32
127 33
127 34
127 35
127 68
127 69
127 70
127 71
127 72
127 76
127 77
127 78
127 79
127 80
127 81
127 82
127 83
127 84
127 85
127 86
127 87
127 88
127 89
127 90
127 91
127 92
127 101
127 102
127 106
127 107
127 110
127 111
127 112
127 121
127 122
127 148
127 149
127 150
127 151
127 152
127 153
127 154
127 155
127 156
127 157
127 158
127 159
127 160
127 161
127 162
127 163
127 164
127 165
127 166
127 167
127 168
127 169
127 170
127 189
127 190
127 191
127 192
127 223
127 224
127 225
127 226
128 32
128 33
128 34
128 35
128 68
128 69
128 70
128 71
128 72
128 76
128 77
128 78
128 79
128 80
128 81
128 82
128 83
128 84
128 85
128 86
128 87
128 88
128 89
128 90
128 91
128 92
128 95
128 96
128 121
128 122
128 149
128 150
128 151
128 152
128 153
128 154
128 155
128 156
128 157
128 158
128 159
128 160
128 161
128 162
128 163
128 164
128 165
128 166
128 167
128 168
128 189
128 190
128 191
128 192
128 223
128 224
128 225
128 226
129 31
129 32
129 33
129 34
129 68
129 69
129 70
129 71
129 72
129 79
129 80
129 81
129 82
129 83
129 84
129 85
129 86
129 87
129 88
129 89
129 90
129 91
129 92
129 93
129 94
129 95
129 96
129 100
129 101
129 102
129 103
129 104
129 105
129 106
129 113
129 114
129 115
129 120
129 121
129 122
129 155
129 156
129 157
129 158
129 164
129 165
129 167
129 168
129 190
129 191
129 192
129 223
129 224
129 225
129 226
130 31
130 32
130 33
130 34
130 68
130 69
130 70
130 71
130 72
130 81
130 82
130 83
130 84
130 85
130 86
130 87
130 88
130 89
130 90
130 91
130 92
130 93
130 94
130 95
130 97
130 98
130 99
130 100
130 101
130 102
130 103
130 104
130 105
130 106
130 108
130 109
130 110
130 111
130 112
130 113
130 114
130 115
130 120
130 121
130 157
130 158
130 190
130 191
130 192
130 222
130 223
130 224
130 225
131 31
131 32
131 33
131 34
131 67
131 68
131 69
131 70
131 71
131 72
131 75
131 76
131 77
131 79
131 80
131 81
131 82
131 83
131 84
131 85
131 86
131 87
131 88
131 89
131 90
131 91
131 92
131 93
131 94
131 95
131 96
131 97
131 98
131 99
131 100
131 101
131 102
131 103
131 104
131 105
131 106
131 107
131 108
131 109
131 110
131 111
131 112
131 113
131 114
131 115
131 189
131 190
131 191
131 192
131 222
131 223
131 224
131 225
131 226
132 31
132 32
132 33
132 67
132 68
132 69
132 70
132 71
132 72
132 75
132 76
132 77
132 79
132 80
132 81
132 82
132 87
132 88
132 89
132 90
132 91
132 92
132 93
132 94
132 95
132 96
132 97
132 98
132 99
132 100
132 101
132 102
132 103
132 104
132 105
132 106
132 107
132 108
132 109
132 110
132 111
132 112
132 113
132 114
132 189
132 190
132 191
132 192
132 193
132 222
132 223
132 224
132 225
132 226
133 31
133 32
133 33
133 67
133 68
133 69
133 70
133 71
133 72
133 76
133 77
133 79
133 80
133 88
133 89
133 90
133 91
133 92
133 93
133 94
133 95
133 96
133 97
133 98
133 99
133 100
133 101
133 102
133 103
133 104
133 105
133 106
133 107
133 108
133 109
133 110
133 111
133 112
133 114
133 115
133 190
133 191
133 192
133 193
133 223
133 224
133 225
133 226
133 227
134 30
134 31
134 32
134 33
134 67
134 68
134 69
134 70
134 71
134 72
134 76
134 77
134 88
134 89
134 90
134 91
134 92
134 93
134 94
134 95
134 96
134 97
134 98
134 99
134 100
134 101
134 102
134 103
134 104
134 105
134 106
134 107
134 108
134 109
134 110
134 111
134 112
134 113
134 114
134 115
134 190
134 191
134 192
134 193
134 224
134 225
134 226
134 227
135 30
135 31
135 32
135 33
135 67
135 68
135 69
135 70
135 71
135 72
135 94
135 95
135 96
135 97
135 98
135 99
135 100
135 101
135 102
135 103
135 104
135 105
135 106
135 107
135 112
135 113
135 114
135 115
135 190
135 191
135 192
135 193
135 224
135 225
135 226
135 227
136 29
136 30
136 31
136 32
136 67
136 68
136 69
136 70
136 71
136 72
136 97
136 98
136 99
136 100
136 101
136 102
136 103
136 104
136 105
136 107
136 108
136 109
136 112
136 113
136 190
136 191
136 192
136 193
136 224
136 225
136 226
137 28
137 29
137 30
137 31
137 32
137 66
137 67
137 68
137 69
137 70
137 71
137 72
137 107
137 108
137 109
137 190
137 191
137 192
137 193
137 223
137 224
137 225
137 226
138 28
138 29
138 30
138 31
138 66
138 67
138 68
138 69
138 70
138 71
138 72
138 190
138 191
138 192
138 193
138 222
138 223
138 224
138 225
138 226
139 28
139 29
139 30
139 31
139 66
139 67
139 68
139 69
139 70
139 71
139 72
139 79
139 80
139 81
139 147
139 148
139 149
139 150
139 151
139 190
139 191
139 192
139 193
139 222
139 223
139 224
139 225
139 226
140 28
140 29
140 30
140 31
140 66
140 67
140 68
140 69
140 70
140 71
140 79
140 80
140 81
140 147
140 148
140 149
140 150
140 151
140 152
140 153
140 190
140 191
140 192
140 193
140 222
140 223
140 224
140 225
140 226
141 28
141 29
141 30
141 31
141 66
141 67
141 68
141 69
141 70
141 71
141 145
141 146
141 147
141 148
141 149
141 150
141 151
141 152
141 153
141 154
141 190
141 191
141 192
141 193
141 223
141 224
141 225
141 226
142 27
142 28
142 29
142 30
142 66
142 67
142 68
142 69
142 70
142 71
142 72
142 122
142 123
142 145
142 146
142 147
142 148
142 149
142 150
142 151
142 152
142 153
142 154
142 190
142 191
142 192
142 193
142 223
142 224
142 225
142 226
143 27
143 28
143 29
143 30
143 66
143 67
143 68
143 69
143 70
143 71
143 72
143 119
143 120
143 122
143 123
143 149
143 150
143 151
143 152
143 153
143 154
143 155
143 156
143 190
143 191
143 192
143 193
143 223
143 224
143 225
143 226
144 27
144 28
144 29
144 67
144 68
144 69
144 70
144 71
144 72
144 73
144 118
144 119
144 120
144 149
144 150
144 151
144 152
144 153
144 154
144 155
144 156
144 190
144 191
144 192
144 193
144 222
144 223
144 224
144 225
144 226
145 27
145 28
145 29
145 67
145 68
145 69
145 70
145 71
145 72
145 73
145 117
145 118
145 119
145 120
145 121
145 123
145 124
145 150
145 151
145 152
145 153
145 154
145 155
145 156
145 190
145 191
145 192
145 221
145 222
145 223
145 224
145 225
145 226
146 27
146 28
146 29
146 30
146 31
146 67
146 68
146 69
146 70
146 71
146 72
146 73
146 117
146 118
146 119
146 120
146 121
146 122
146 123
146 124
146 151
146 152
146 153
146 154
146 190
146 191
146 192
146 195
146 196
146 221
146 222
146 223
146 224
146 225
147 27
147 28
147 29
147 30
147 31
147 69
147 70
147 71
147 72
147 73
147 116
147 117
147 118
147 119
147 120
147 121
147 122
147 152
147 153
147 154
147 157
147 158
147 190
147 191
147 192
147 195
147 196
147 221
147 222
147 223
147 224
148 27
148 28
148 29
148 30
148 31
148 69
148 70
148 71
148 72
148 73
148 114
148 115
148 116
148 117
148 118
148 119
148 120
148 121
148 134
148 135
148 152
148 153
148 154
148 155
148 157
148 158
148 190
148 191
148 192
148 221
148 222
148 223
148 224
149 27
149 28
149 29
149 30
149 69
149 70
149 71
149 72
149 73
149 114
149 115
149 116
149 117
149 118
149 119
149 120
149 134
149 135
149 143
149 144
149 152
149 153
149 154
149 155
149 156
149 190
149 191
149 192
149 222
149 223
149 224
150 27
150 28
150 29
150 69
150 70
150 71
150 72
150 73
150 114
150 115
150 117
150 118
150 119
150 120
150 143
150 144
150 151
150 152
150 153
150 154
150 155
150 156
150 190
150 191
150 192
150 193
150 194
150 195
150 222
150 223
150 224
151 27
151 28
151 29
151 70
151 71
151 72
151 73
151 114
151 115
151 117
151 118
151 119
151 149
151 150
151 151
151 152
151 153
151 154
151 156
151 157
151 190
151 191
151 192
151 193
151 194
151 195
151 220
151 221
151 222
151 223
151 224
152 27
152 28
152 29
152 30
152 31
152 65
152 66
152 70
152 71
152 72
152 73
152 117
152 118
152 119
152 132
152 133
152 134
152 147
152 148
152 149
152 150
152 151
152 152
152 153
152 154
152 156
152 157
152 160
152 161
152 190
152 191
152 192
152 193
152 194
152 195
152 219
152 220
152 221
152 222
152 223
153 27
153 28
153 29
153 30
153 31
153 32
153 65
153 66
153 70
153 71
153 72
153 73
153 117
153 118
153 119
153 132
153 133
153 134
153 145
153 146
153 147
153 148
153 149
153 150
153 151
153 160
153 161
153 190
153 191
153 192
153 193
153 194
153 219
153 220
153 221
153 222
153 223
154 28
154 29
154 30
154 31
154 32
154 64
154 65
154 66
154 70
154 71
154 72
154 73
154 74
154 117
154 118
154 119
154 143
154 144
154 145
154 146
154 147
154 148
154 149
154 190
154 191
154 192
154 193
154 194
154 219
154 220
154 221
155 28
155 29
155 30
155 31
155 64
155 65
155 66
155 69
155 70
155 71
155 72
155 73
155 74
155 117
155 118
155 119
155 121
155 122
155 123
155 124
155 125
155 126
155 127
155 128
155 129
155 130
155 142
155 143
155 144
155 145
155 146
155 189
155 190
155 191
155 192
155 193
155 219
155 220
155 221
156 28
156 29
156 30
156 31
156 63
156 64
156 65
156 66
156 67
156 68
156 69
156 70
156 71
156 121
156 122
156 123
156 124
156 125
156 126
156 127
156 128
156 129
156 130
156 131
156 132
156 133
156 142
156 143
156 144
156 189
156 190
156 191
156 192
156 218
156 219
156 220
156 221
157 28
157 29
157 30
157 31
157 63
157 64
157 67
157 68
157 69
157 70
157 71
157 122
157 123
157 124
157 127
157 128
157 129
157 130
157 131
157 132
157 133
157 134
157 189
157 190
157 191
157 192
157 217
157 218
157 219
157 220
157 221
158 28
158 29
158 30
158 31
158 32
158 63
158 64
158 70
158 71
158 132
158 133
158 134
158 189
158 190
158 191
158 192
158 216
158 217
158 218
158 219
158 220
159 29
159 30
159 31
159 32
159 33
159 66
159 67
159 70
159 71
159 189
159 190
159 191
159 215
159 216
159 217
159 218
159 219
160 29
160 30
160 31
160 32
160 33
160 62
160 63
160 64
160 65
160 66
160 67
160 70
160 71
160 189
160 190
160 191
160 214
160 215
160 216
160 217
160 218
161 29
161 30
161 31
161 32
161 33
161 61
161 62
161 63
161 64
161 65
161 66
161 70
161 71
161 72
161 189
161 190
161 191
161 213
161 214
161 215
161 216
161 217
162 30
162 31
162 32
162 33
162 61
162 62
162 63
162 64
162 65
162 66
162 70
162 71
162 72
162 189
162 190
162 191
162 212
162 213
162 214
162 215
162 216
162 217
163 30
163 31
163 32
163 33
163 61
163 62
163 63
163 64
163 65
163 66
163 68
163 69
163 189
163 190
163 191
163 211
163 212
163 213
163 214
163 215
163 216
164 31
164 32
164 33
164 34
164 35
164 36
164 61
164 62
164 63
164 64
164 65
164 66
164 67
164 68
164 69
164 189
164 190
164 191
164 211
164 212
164 213
164 214
164 215
165 31
165 32
165 33
165 34
165 35
165 36
165 62
165 63
165 64
165 65
165 66
165 67
165 68
165 69
165 70
165 170
165 171
165 189
165 190
165 191
165 209
165 210
165 211
165 212
165 213
165 214
166 32
166 33
166 34
166 35
166 36
166 37
166 62
166 63
166 64
166 65
166 66
166 67
166 68
166 69
166 70
166 170
166 171
166 188
166 189
166 190
166 191
166 208
166 209
166 210
166 211
166 212
166 213
167 34
167 35
167 36
167 37
167 63
167 64
167 65
167 66
167 67
167 68
167 69
167 70
167 171
167 172
167 188
167 189
167 190
167 191
167 208
167 209
167 210
167 211
167 212
168 34
168 35
168 36
168 37
168 38
168 63
168 64
168 65
168 66
168 67
168 68
168 69
168 70
168 71
168 160
168 161
168 162
168 163
168 164
168 165
168 171
168 172
168 188
168 189
168 190
168 206
168 207
168 208
168 209
168 210
169 30
169 31
169 32
169 33
169 34
169 35
169 36
169 37
169 38
169 39
169 64
169 65
169 66
169 67
169 68
169 69
169 70
169 71
169 147
169 148
169 149
169 150
169 151
169 152
169 153
169 154
169 155
169 156
169 157
169 158
169 159
169 160
169 161
169 162
169 163
169 164
169 165
169 171
169 172
169 188
169 189
169 190
169 206
169 207
169 208
169 209
169 210
170 29
170 30
170 31
170 32
170 33
170 34
170 35
170 36
170 37
170 38
170 39
170 64
170 65
170 66
170 67
170 68
170 69
170 70
170 71
170 143
170 144
170 145
170 146
170 147
170 148
170 149
170 150
170 151
170 152
170 153
170 154
170 155
170 156
170 157
170 158
170 159
170 160
170 161
170 162
170 163
170 164
170 165
170 166
170 167
170 188
170 189
170 190
170 204
170 205
170 206
170 207
170 208
170 209
171 28
171 29
171 30
171 31
171 32
171 33
171 34
171 35
171 36
171 37
171 38
171 39
171 65
171 66
171 67
171 68
171 69
171 70
171 71
171 139
171 140
171 141
171 142
171 143
171 144
171 145
171 146
171 147
171 148
171 149
171 150
171 151
171 152
171 153
171 154
171 155
171 156
171 157
171 158
171 159
171 160
171 161
171 162
171 163
171 164
171 165
171 166
171 167
171 188
171 189
171 190
171 203
171 204
171 205
171 206
171 207
171 208
172 27
172 28
172 29
172 30
172 31
172 34
172 35
172 36
172 37
172 38
172 66
172 67
172 68
172 69
172 70
172 71
172 72
172 124
172 125
172 126
172 127
172 128
172 129
172 130
172 131
172 132
172 133
172 134
172 135
172 136
172 137
172 138
172 139
172 140
172 141
172 142
172 143
172 144
172 145
172 146
172 147
172 148
172 149
172 150
172 153
172 154
172 155
172 156
172 157
172 158
172 159
172 160
172 161
172 162
172 163
172 164
172 165
172 188
172 189
172 190
172 203
172 204
172 205
172 206
172 207
173 27
173 28
173 29
173 30
173 35
173 36
173 37
173 38
173 69
173 70
173 71
173 72
173 117
173 118
173 119
173 120
173 121
173 122
173 123
173 124
173 125
173 126
173 127
173 128
173 129
173 130
173 131
173 132
173 133
173 134
173 135
173 136
173 137
173 138
173 139
173 140
173 141
173 142
173 143
173 144
173 145
173 146
173 147
173 148
173 149
173 150
173 153
173 154
173 155
173 156
173 157
173 158
173 159
173 160
173 161
173 162
173 163
173 164
173 188
173 189
173 190
173 203
173 204
173 205
174 26
174 27
174 28
174 29
174 36
174 37
174 38
174 39
174 70
174 71
174 72
174 114
174 115
174 116
174 117
174 118
174 119
174 120
174 121
174 122
174 123
174 124
174 125
174 128
174 129
174 130
174 131
174 132
174 133
174 134
174 135
174 136
174 137
174 138
174 139
174 140
174 141
174 142
174 143
174 144
174 145
174 146
174 147
174 148
174 149
174 150
174 152
174 153
174 154
174 155
174 156
174 157
174 158
174 159
174 160
174 161
174 162
174 163
174 187
174 188
174 189
174 190
174 202
174 203
174 204
174 205
175 25
175 26
175 27
175 28
175 36
175 37
175 38
175 39
175 70
175 71
175 72
175 107
175 108
175 109
175 110
175 111
175 112
175 113
175 114
175 115
175 116
175 117
175 118
175 119
175 120
175 124
175 125
175 128
175 129
175 130
175 131
175 132
175 133
175 134
175 135
175 136
175 137
175 138
175 139
175 140
175 141
175 143
175 144
175 145
175 146
175 148
175 149
175 150
175 152
175 153
175 154
175 155
175 156
175 157
175 158
175 159
175 160
175 161
175 162
175 187
175 188
175 189
175 190
175 201
175 202
175 203
175 204
175 205
176 24
176 25
176 26
176 27
176 37
176 38
176 39
176 40
176 70
176 71
176 72
176 73
176 107
176 108
176 109
176 110
176 111
176 112
176 113
176 114
176 115
176 116
176 124
176 125
176 126
176 128
176 129
176 130
176 131
176 136
176 137
176 138
176 139
176 144
176 145
176 146
176 149
176 150
176 151
176 152
176 153
176 154
176 155
176 156
176 157
176 158
176 159
176 160
176 161
176 187
176 188
176 189
176 190
176 198
176 199
176 200
176 201
176 202
176 203
176 204
177 24
177 25
177 26
177 27
177 38
177 39
177 40
177 41
177 70
177 71
177 72
177 73
177 105
177 106
177 107
177 108
177 109
177 110
177 111
177 112
177 113
177 114
177 115
177 116
177 117
177 119
177 120
177 124
177 125
177 126
177 128
177 129
177 130
177 131
177 136
177 137
177 138
177 139
177 144
177 145
177 146
177 147
177 148
177 149
177 150
177 151
177 152
177 153
177 154
177 155
177 156
177 157
177 158
177 159
177 160
177 187
177 188
177 189
177 190
177 196
177 197
177 198
177 199
177 200
177 201
177 202
177 203
178 23
178 24
178 25
178 26
178 38
178 39
178 40
178 41
178 70
178 71
178 72
178 73
178 105
178 106
178 107
178 108
178 109
178 110
178 111
178 112
178 113
178 114
178 115
178 116
178 117
178 119
178 120
178 121
178 124
178 125
178 128
178 129
178 130
178 131
178 136
178 137
178 138
178 139
178 140
178 141
178 142
178 143
178 144
178 145
178 146
178 147
178 148
178 149
178 150
178 151
178 152
178 153
178 154
178 155
178 156
178 157
178 187
178 188
178 189
178 196
178 197
178 198
178 199
178 200
178 201
178 202
179 23
179 24
179 25
179 38
179 39
179 40
179 41
179 42
179 70
179 71
179 72
179 73
179 109
179 110
179 111
179 112
179 113
179 114
179 115
179 116
179 117
179 118
179 119
179 120
179 121
179 123
179 124
179 125
179 128
179 129
179 130
179 131
179 132
179 133
179 134
179 135
179 136
179 137
179 138
179 139
179 140
179 141
179 142
179 143
179 144
179 145
179 146
179 147
179 148
179 153
179 154
179 186
179 187
179 188
179 189
179 196
179 197
179 198
179 199
180 22
180 23
180 24
180 25
180 39
180 40
180 41
180 42
180 43
180 71
180 72
180 73
180 74
180 111
180 112
180 113
180 114
180 115
180 116
180 117
180 118
180 119
180 120
180 121
180 122
180 123
180 124
180 125
180 126
180 127
180 128
180 129
180 130
180 131
180 132
180 133
180 134
180 135
180 136
180 137
180 138
180 139
180 140
180 141
180 142
180 143
180 144
180 145
180 146
180 151
180 152
180 153
180 186
180 187
180 188
180 189
180 196
180 197
180 198
181 21
181 22
181 23
181 24
181 40
181 41
181 42
181 43
181 44
181 71
181 72
181 73
181 74
181 112
181 113
181 114
181 115
181 116
181 117
181 118
181 119
181 120
181 121
181 122
181 123
181 124
181 125
181 126
181 127
181 128
181 129
181 130
181 131
181 132
181 133
181 134
181 135
181 136
181 137
181 138
181 139
181 140
181 141
181 142
181 150
181 151
181 152
181 153
181 186
181 187
181 188
181 189
181 190
181 191
181 192
181 195
181 196
181 197
181 198
182 21
182 22
182 23
182 24
182 41
182 42
182 43
182 44
182 45
182 71
182 72
182 73
182 74
182 116
182 117
182 118
182 119
182 120
182 121
182 123
182 124
182 125
182 126
182 127
182 128
182 129
182 130
182 131
182 132
182 133
182 134
182 135
182 136
182 137
182 138
182 147
182 148
182 150
182 151
182 152
182 185
182 186
182 187
182 188
182 189
182 190
182 191
182 192
182 193
182 194
182 195
182 196
182 197
182 198
183 20
183 21
183 22
183 23
183 42
183 43
183 44
183 45
183 46
183 72
183 73
183 74
183 75
183 118
183 119
183 120
183 125
183 126
183 127
183 128
183 129
183 131
183 132
183 133
183 134
183 135
183 147
183 148
183 185
183 186
183 187
183 188
183 189
183 190
183 191
183 192
183 193
183 194
183 195
183 196
183 197
183 198
184 20
184 21
184 22
184 43
184 44
184 45
184 46
184 47
184 73
184 74
184 75
184 118
184 119
184 120
184 126
184 127
184 128
184 129
184 185
184 186
184 187
184 188
184 190
184 191
184 192
184 193
184 194
184 195
184 196
184 197
185 19
185 20
185 21
185 22
185 44
185 45
185 46
185 47
185 48
185 73
185 74
185 75
185 126
185 127
185 128
185 129
185 184
185 185
185 186
185 187
186 18
186 19
186 20
186 21
186 45
186 46
186 47
186 48
186 49
186 73
186 74
186 75
186 184
186 185
186 186
187 18
187 19
187 20
187 21
187 46
187 47
187 48
187 49
187 50
187 74
187 75
187 76
187 183
187 184
187 185
187 186
188 17
188 18
188 19
188 20
188 47
188 48
188 49
188 50
188 51
188 74
188 75
188 76
188 182
188 183
188 184
188 185
189 17
189 18
189 19
189 48
189 49
189 50
189 51
189 52
189 74
189 75
189 76
189 77
189 182
189 183
189 184
189 185
190 16
190 17
190 18
190 19
190 49
190 50
190 51
190 52
190 53
190 75
190 76
190 77
190 182
190 183
190 184
191 16
191 17
191 18
191 50
191 51
191 52
191 53
191 54
191 75
191 76
191 77
191 182
191 183
191 184
191 185
191 186
191 187
191 188
191 189
191 190
191 191
191 192
192 15
192 16
192 17
192 18
192 51
192 52
192 53
192 54
192 55
192 75
192 76
192 77
192 78
192 182
192 183
192 184
192 185
192 186
192 187
192 188
192 189
192 190
192 191
192 192
192 193
192 194
192 195
193 14
193 15
193 16
193 17
193 52
193 53
193 54
193 55
193 56
193 76
193 77
193 78
193 180
193 181
193 182
193 183
193 184
193 185
193 186
193 187
193 188
193 189
193 190
193 191
193 192
193 193
193 194
193 195
193 196
193 197
193 198
193 199
194 14
194 15
194 16
194 53
194 54
194 55
194 56
194 57
194 76
194 77
194 78
194 79
194 146
194 147
194 180
194 181
194 182
194 183
194 184
194 185
194 186
194 187
194 188
194 189
194 190
194 191
194 192
194 193
194 194
194 195
194 196
194 197
194 198
194 199
194 200
194 201
194 202
195 13
195 14
195 15
195 16
195 54
195 55
195 56
195 57
195 58
195 77
195 78
195 79
195 138
195 139
195 140
195 141
195 146
195 147
195 179
195 180
195 181
195 184
195 185
195 186
195 187
195 188
195 189
195 190
195 191
195 192
195 193
195 194
195 195
195 196
195 197
195 198
195 199
195 200
195 201
195 202
195 203
195 204
196 13
196 14
196 15
196 55
196 56
196 57
196 58
196 59
196 77
196 78
196 79
196 132
196 133
196 134
196 135
196 136
196 137
196 138
196 139
196 140
196 141
196 142
196 178
196 179
196 180
196 181
196 184
196 185
196 186
196 187
196 188
196 189
196 190
196 191
196 192
196 193
196 194
196 195
196 196
196 197
196 198
196 199
196 200
196 201
196 202
196 203
196 204
196 205
196 206
196 207
197 12
197 13
197 14
197 15
197 56
197 57
197 58
197 59
197 60
197 77
197 78
197 79
197 80
197 132
197 133
197 134
197 135
197 136
197 137
197 138
197 139
197 141
197 142
197 177
197 178
197 179
197 180
197 185
197 186
197 187
197 188
197 189
197 190
197 191
197 192
197 193
197 194
197 195
197 196
197 197
197 198
197 199
197 200
197 201
197 202
197 203
197 204
197 205
197 206
197 207
197 208
197 209
198 11
198 12
198 13
198 14
198 57
198 58
198 59
198 60
198 61
198 78
198 79
198 80
198 81
198 132
198 133
198 177
198 178
198 179
198 180
198 185
198 186
198 187
198 188
198 189
198 190
198 191
198 192
198 193
198 194
198 195
198 196
198 198
198 199
198 200
198 201
198 202
198 203
198 204
198 205
198 206
198 207
198 208
198 209
198 210
198 211
198 212
198 213
198 214
199 11
199 12
199 13
199 58
199 59
199 60
199 61
199 62
199 79
199 80
199 81
199 82
199 176
199 177
199 178
199 179
199 185
199 186
199 187
199 188
199 189
199 190
199 191
199 192
199 193
199 194
199 195
199 196
199 201
199 202
199 203
199 204
199 205
199 206
199 207
199 208
199 209
199 210
199 211
199 212
199 213
199 214
199 215
199 216
199 217
199 218
199 219
200 10
200 11
200 12
200 13
200 59
200 60
200 61
200 62
200 63
200 79
200 80
200 81
200 82
200 83
200 175
200 176
200 177
200 178
200 187
200 188
200 189
200 190
200 193
200 194
200 203
200 204
200 205
200 206
200 207
200 208
200 209
200 210
200 211
200 212
200 213
200 214
200 215
200 216
200 217
200 218
200 219
200 220
200 221
201 9
201 10
201 11
201 12
201 60
201 61
201 62
201 63
201 64
201 80
201 81
201 82
201 83
201 84
201 174
201 175
201 176
201 177
201 187
201 188
201 189
201 190
201 191
201 193
201 194
201 195
201 196
201 197
201 205
201 206
201 207
201 208
201 209
201 210
201 211
201 212
201 213
201 214
201 215
201 216
201 217
201 218
201 219
201 220
201 221
201 222
201 223
202 8
202 9
202 10
202 11
202 61
202 62
202 63
202 64
202 65
202 81
202 82
202 83
202 84
202 85
202 173
202 174
202 175
202 176
202 177
202 187
202 188
202 189
202 190
202 191
202 192
202 195
202 196
202 197
202 207
202 208
202 209
202 210
202 211
202 212
202 213
202 214
202 215
202 216
202 217
202 218
202 219
202 220
202 221
202 222
202 223
202 224
202 225
203 7
203 8
203 9
203 10
203 55
203 56
203 62
203 63
203 64
203 65
203 66
203 83
203 84
203 85
203 86
203 87
203 89
203 90
203 172
203 173
203 174
203 175
203 176
203 188
203 189
203 190
203 191
203 192
203 193
203 199
203 200
203 208
203 209
203 210
203 211
203 212
203 213
203 214
203 215
203 216
203 217
203 218
203 219
203 220
203 221
203 222
203 223
203 224
203 225
203 226
203 227
204 7
204 8
204 9
204 10
204 55
204 56
204 63
204 64
204 65
204 66
204 67
204 84
204 85
204 86
204 87
204 88
204 89
204 90
204 91
204 92
204 171
204 172
204 173
204 174
204 175
204 184
204 185
204 188
204 189
204 190
204 191
204 192
204 193
204 194
204 199
204 200
204 210
204 211
204 212
204 213
204 214
204 215
204 216
204 217
204 218
204 219
204 220
204 221
204 222
204 223
204 224
204 225
204 226
204 227
204 228
204 229
205 6
205 7
205 8
205 9
205 64
205 65
205 66
205 67
205 68
205 86
205 87
205 88
205 89
205 90
205 91
205 92
205 114
205 115
205 164
205 165
205 166
205 170
205 171
205 172
205 173
205 174
205 184
205 185
205 188
205 189
205 190
205 191
205 192
205 193
205 194
205 195
205 211
205 212
205 213
205 214
205 215
205 216
205 217
205 218
205 219
205 220
205 221
205 222
205 223
205 224
205 225
205 226
205 227
205 228
205 229
205 230
206 5
206 6
206 7
206 8
206 53
206 54
206 65
206 66
206 67
206 68
206 69
206 87
206 88
206 89
206 90
206 91
206 92
206 93
206 114
206 115
206 164
206 165
206 166
206 169
206 170
206 171
206 172
206 173
206 192
206 193
206 194
206 195
206 213
206 214
206 215
206 216
206 217
206 218
206 219
206 220
206 221
206 222
206 223
206 224
206 225
206 226
206 227
206 228
206 229
206 230
206 231
206 232
207 4
207 5
207 6
207 7
207 53
207 54
207 66
207 67
207 68
207 69
207 70
207 89
207 90
207 91
207 92
207 93
207 94
207 95
207 114
207 115
207 168
207 169
207 170
207 171
207 172
207 192
207 193
207 194
207 195
207 196
207 214
207 215
207 216
207 217
207 218
207 219
207 220
207 221
207 222
207 223
207 224
207 225
207 226
207 227
207 228
207 229
207 230
207 231
207 232
207 233
208 3
208 4
208 5
208 6
208 67
208 68
208 69
208 70
208 71
208 92
208 93
208 94
208 95
208 96
208 167
208 168
208 169
208 170
208 171
208 193
208 194
208 195
208 196
208 197
208 215
208 216
208 217
208 218
208 219
208 220
208 221
208 222
208 223
208 224
208 225
208 226
208 227
208 228
208 229
208 230
208 231
208 232
208 233
208 234
209 2
209 3
209 4
209 5
209 18
209 19
209 20
209 48
209 49
209 50
209 51
209 68
209 69
209 70
209 71
209 72
209 94
209 95
209 96
209 97
209 167
209 168
209 169
209 170
209 192
209 193
209 195
209 196
209 197
209 216
209 217
209 218
209 219
209 220
209 221
209 222
209 223
209 224
209 225
209 226
209 227
209 228
209 229
209 230
209 231
209 232
209 233
209 234
209 235
210 1
210 2
210 3
210 4
210 5
210 18
210 19
210 20
210 48
210 49
210 50
210 51
210 65
210 66
210 69
210 70
210 71
210 72
210 73
210 95
210 96
210 97
210 98
210 99
210 161
210 162
210 163
210 165
210 166
210 167
210 168
210 169
210 192
210 193
210 195
210 196
210 197
210 198
210 218
210 219
210 220
210 221
210 222
210 223
210 224
210 225
210 226
210 227
210 228
210 229
210 230
210 231
210 232
210 233
210 234
210 235
210 236
210 237
211 1
211 2
211 3
211 4
211 49
211 50
211 51
211 52
211 53
211 65
211 66
211 70
211 71
211 72
211 73
211 74
211 96
211 97
211 98
211 99
211 100
211 160
211 161
211 162
211 163
211 165
211 166
211 167
211 168
211 169
211 196
211 197
211 198
211 199
211 219
211 220
211 221
211 222
211 223
211 224
211 225
211 226
211 227
211 228
211 229
211 230
211 231
211 232
211 233
211 234
211 235
211 236
211 237
211 238
212 0
212 1
212 2
212 3
212 51
212 52
212 53
212 71
212 72
212 73
212 74
212 75
212 97
212 98
212 99
212 100
212 101
212 160
212 161
212 162
212 163
212 164
212 165
212 166
212 167
212 168
212 193
212 194
212 197
212 198
212 199
212 200
212 220
212 221
212 222
212 223
212 224
212 225
212 226
212 227
212 228
212 229
212 230
212 231
212 232
212 233
212 234
212 235
212 236
212 237
212 238
212 239
213 0
213 1
213 2
213 34
213 35
213 36
213 51
213 52
213 59
213 60
213 72
213 73
213 74
213 75
213 76
213 99
213 100
213 101
213 102
213 103
213 160
213 161
213 162
213 163
213 164
213 165
213 166
213 167
213 193
213 194
213 195
213 196
213 197
213 198
213 199
213 200
213 201
213 221
213 222
213 223
213 224
213 225
213 226
213 227
213 228
213 229
213 230
213 231
213 232
213 233
213 234
213 235
213 236
213 237
213 238
213 239
213 240
214 0
214 1
214 34
214 35
214 36
214 59
214 60
214 61
214 62
214 63
214 73
214 74
214 75
214 76
214 77
214 100
214 101
214 102
214 103
214 104
214 105
214 161
214 162
214 163
214 164
214 165
214 166
214 195
214 196
214 199
214 200
214 201
214 202
214 222
214 223
214 224
214 225
214 226
214 227
214 228
214 229
214 230
214 231
214 232
214 233
214 234
214 235
214 236
214 237
214 238
214 239
214 240
214 241
215 32
215 33
215 61
215 62
215 63
215 74
215 75
215 76
215 77
215 102
215 103
215 104
215 105
215 106
215 160
215 161
215 162
215 163
215 164
215 165
215 199
215 200
215 201
215 202
215 203
215 204
215 223
215 224
215 225
215 226
215 227
215 228
215 229
215 230
215 231
215 232
215 233
215 234
215 235
215 236
215 237
215 238
215 239
215 240
215 241
215 242
216 32
216 33
216 36
216 37
216 42
216 43
216 75
216 76
216 77
216 78
216 103
216 104
216 105
216 106
216 107
216 108
216 159
216 160
216 161
216 162
216 163
216 198
216 199
216 200
216 201
216 202
216 203
216 204
216 205
216 224
216 225
216 226
216 227
216 228
216 229
216 230
216 231
216 232
216 233
216 234
216 235
216 236
216 237
216 238
216 239
216 240
216 241
216 242
216 243
217 36
217 37
217 42
217 43
217 76
217 77
217 78
217 79
217 80
217 105
217 106
217 107
217 108
217 109
217 110
217 111
217 157
217 158
217 159
217 160
217 161
217 162
217 198
217 199
217 200
217 201
217 202
217 203
217 204
217 205
217 206
217 225
217 226
217 227
217 228
217 229
217 230
217 231
217 232
217 233
217 234
217 235
217 236
217 237
217 238
217 239
217 240
217 241
217 242
217 243
217 244
218 44
218 45
218 62
218 63
218 77
218 78
218 79
218 80
218 81
218 107
218 108
218 109
218 110
218 111
218 112
218 113
218 155
218 156
218 157
218 158
218 159
218 160
218 199
218 200
218 201
218 202
218 203
218 204
218 205
218 206
218 226
218 227
218 228
218 229
218 230
218 231
218 232
218 233
218 234
218 235
218 236
218 237
218 238
218 239
218 240
218 241
218 242
218 243
218 244
219 44
219 45
219 62
219 63
219 64
219 78
219 79
219 80
219 81
219 82
219 109
219 110
219 111
219 112
219 113
219 114
219 115
219 152
219 153
219 154
219 155
219 156
219 157
219 158
219 159
219 199
219 200
219 201
219 202
219 203
219 204
219 205
219 206
219 207
219 227
219 228
219 229
219 230
219 231
219 232
219 233
219 234
219 235
219 236
219 237
219 238
219 239
219 240
219 242
219 243
219 244
219 245
220 60
220 61
220 62
220 63
220 64
220 79
220 80
220 81
220 82
220 111
220 112
220 113
220 114
220 115
220 116
220 117
220 118
220 148
220 149
220 150
220 151
220 152
220 153
220 154
220 155
220 156
220 157
220 193
220 194
220 195
220 196
220 197
220 199
220 200
220 201
220 202
220 203
220 204
220 205
220 206
220 207
220 208
220 228
220 229
220 230
220 231
220 232
220 233
220 234
220 235
220 236
220 237
220 238
220 239
220 242
220 243
220 244
220 245
220 246
221 60
221 61
221 62
221 80
221 81
221 82
221 83
221 113
221 114
221 115
221 116
221 117
221 118
221 119
221 120
221 121
221 144
221 145
221 146
221 147
221 148
221 149
221 150
221 151
221 152
221 153
221 154
221 193
221 194
221 195
221 196
221 197
221 198
221 199
221 200
221 201
221 202
221 203
221 204
221 205
221 206
221 207
221 208
221 229
221 230
221 231
221 232
221 233
221 234
221 235
221 236
221 237
221 238
221 239
221 240
221 243
221 244
221 245
221 246
221 247
222 81
222 82
222 83
222 84
222 116
222 117
222 118
222 119
222 120
222 121
222 122
222 123
222 124
222 125
222 126
222 127
222 137
222 138
222 139
222 140
222 141
222 142
222 143
222 144
222 145
222 146
222 147
222 148
222 149
222 150
222 151
222 197
222 198
222 199
222 200
222 201
222 202
222 203
222 205
222 206
222 223
222 224
222 225
222 226
222 227
222 228
222 229
222 230
222 231
222 232
222 233
222 234
222 235
222 236
222 237
222 238
222 239
222 240
222 241
222 244
222 245
222 246
222 247
222 248
223 82
223 83
223 84
223 85
223 119
223 120
223 121
223 122
223 123
223 124
223 125
223 126
223 127
223 128
223 129
223 130
223 131
223 132
223 133
223 134
223 135
223 136
223 137
223 138
223 139
223 140
223 141
223 142
223 143
223 144
223 145
223 146
223 147
223 202
223 203
223 205
223 206
223 223
223 224
223 225
223 226
223 227
223 228
223 229
223 231
223 232
223 233
223 234
223 235
223 236
223 237
223 238
223 239
223 240
223 241
223 242
223 245
223 246
223 247
223 248
223 249
224 83
224 84
224 85
224 86
224 123
224 124
224 125
224 126
224 127
224 128
224 129
224 130
224 131
224 132
224 133
224 134
224 135
224 136
224 137
224 138
224 139
224 140
224 141
224 142
224 202
224 203
224 204
224 221
224 222
224 223
224 224
224 225
224 226
224 227
224 228
224 229
224 232
224 233
224 234
224 235
224 236
224 237
224 238
224 239
224 240
224 241
224 242
224 246
224 247
224 248
224 249
225 54
225 55
225 83
225 84
225 85
225 86
225 87
225 199
225 200
225 202
225 203
225 204
225 219
225 220
225 221
225 222
225 223
225 224
225 225
225 226
225 227
225 228
225 229
225 230
225 233
225 234
225 235
225 236
225 237
225 238
225 239
225 240
225 241
225 242
225 243
225 247
225 248
225 249
226 54
226 55
226 61
226 62
226 85
226 86
226 87
226 88
226 199
226 200
226 203
226 204
226 219
226 220
226 221
226 222
226 223
226 224
226 225
226 226
226 227
226 228
226 229
226 230
226 234
226 235
226 236
226 237
226 238
226 239
226 240
226 241
226 242
226 243
226 244
226 246
226 247
226 248
226 249
227 61
227 62
227 63
227 85
227 86
227 87
227 88
227 89
227 217
227 218
227 219
227 220
227 221
227 222
227 223
227 224
227 225
227 226
227 227
227 228
227 229
227 230
227 235
227 236
227 237
227 238
227 239
227 240
227 241
227 242
227 243
227 244
227 245
227 246
227 247
227 248
227 249
228 49
228 50
228 54
228 55
228 61
228 62
228 63
228 70
228 71
228 86
228 87
228 88
228 89
228 90
228 185
228 186
228 187
228 188
228 189
228 209
228 210
228 216
228 217
228 218
228 219
228 220
228 221
228 222
228 223
228 224
228 225
228 226
228 227
228 228
228 229
228 230
228 235
228 236
228 237
228 238
228 239
228 240
228 241
228 242
228 243
228 244
228 245
228 246
229 49
229 50
229 54
229 55
229 70
229 71
229 87
229 88
229 89
229 90
229 91
229 185
229 186
229 187
229 188
229 189
229 190
229 209
229 210
229 211
229 212
229 213
229 214
229 215
229 216
229 217
229 218
229 219
229 220
229 221
229 222
229 223
229 224
229 225
229 228
229 229
229 236
229 237
229 238
229 239
229 240
229 241
229 242
229 243
229 244
229 245
229 246
230 88
230 89
230 90
230 91
230 92
230 184
230 185
230 186
230 187
230 188
230 189
230 190
230 191
230 192
230 193
230 194
230 195
230 196
230 197
230 198
230 199
230 211
230 212
230 213
230 214
230 215
230 216
230 217
230 218
230 219
230 220
230 221
230 237
230 238
230 239
230 240
230 241
230 242
230 243
230 244
230 245
230 246
230 247
231 63
231 64
231 89
231 90
231 91
231 92
231 93
231 183
231 184
231 185
231 186
231 187
231 188
231 189
231 190
231 191
231 192
231 193
231 194
231 195
231 196
231 197
231 198
231 199
231 206
231 207
231 209
231 210
231 211
231 212
231 213
231 214
231 215
231 216
231 217
231 218
231 238
231 239
231 240
231 241
231 242
231 243
231 245
231 246
231 247
231 248
232 63
232 64
232 65
232 66
232 68
232 69
232 70
232 90
232 91
232 92
232 93
232 178
232 179
232 183
232 184
232 191
232 192
232 193
232 194
232 195
232 196
232 197
232 198
232 206
232 207
232 208
232 209
232 210
232 211
232 212
232 213
232 214
232 215
232 216
232 217
232 239
232 240
232 241
232 242
232 246
232 247
232 248
232 249
233 45
233 46
233 65
233 66
233 67
233 68
233 69
233 70
233 78
233 79
233 80
233 81
233 82
233 83
233 84
233 85
233 86
233 87
233 88
233 89
233 90
233 91
233 92
233 93
233 94
233 178
233 179
233 180
233 192
233 193
233 194
233 206
233 207
233 208
233 209
233 210
233 211
233 212
233 213
233 214
233 215
233 216
233 240
233 241
233 242
233 243
233 244
233 245
233 246
233 247
233 248
233 249
234 45
234 46
234 66
234 67
234 78
234 79
234 80
234 81
234 82
234 83
234 84
234 85
234 86
234 87
234 88
234 89
234 90
234 91
234 92
234 93
234 94
234 95
234 168
234 169
234 170
234 171
234 172
234 173
234 178
234 179
234 180
234 181
234 206
234 207
234 208
234 209
234 210
234 211
234 212
234 213
234 214
234 215
234 240
234 241
234 242
234 243
234 244
234 245
234 248
234 249
235 51
235 52
235 61
235 62
235 63
235 64
235 65
235 66
235 67
235 73
235 74
235 78
235 79
235 80
235 84
235 85
235 86
235 87
235 88
235 89
235 90
235 91
235 92
235 93
235 94
235 95
235 96
235 168
235 169
235 170
235 171
235 172
235 173
235 179
235 180
235 181
235 204
235 205
235 206
235 207
235 208
235 209
235 210
235 211
235 212
235 241
235 242
235 243
235 244
235 245
236 51
236 52
236 61
236 62
236 63
236 64
236 65
236 72
236 73
236 74
236 75
236 78
236 79
236 80
236 82
236 83
236 85
236 86
236 87
236 88
236 89
236 90
236 91
236 92
236 93
236 94
236 95
236 96
236 97
236 168
236 169
236 170
236 171
236 180
236 181
236 182
236 200
236 201
236 202
236 203
236 204
236 205
236 206
236 207
236 208
236 209
236 242
236 243
236 244
236 245
237 61
237 62
237 63
237 64
237 69
237 70
237 71
237 72
237 73
237 74
237 75
237 76
237 77
237 82
237 83
237 85
237 86
237 87
237 88
237 89
237 90
237 91
237 92
237 93
237 94
237 95
237 96
237 97
237 98
237 168
237 169
237 170
237 171
237 172
237 181
237 182
237 194
237 195
237 200
237 201
237 202
237 203
237 204
237 205
237 206
237 207
237 208
237 209
237 242
237 243
237 244
237 245
237 246
238 63
238 64
238 69
238 70
238 71
238 72
238 73
238 74
238 75
238 76
238 77
238 85
238 86
238 87
238 88
238 89
238 90
238 91
238 92
238 93
238 94
238 95
238 96
238 97
238 98
238 168
238 169
238 170
238 171
238 172
238 181
238 182
238 183
238 190
238 191
238 192
238 193
238 194
238 195
238 196
238 197
238 198
238 200
238 201
238 202
238 203
238 204
238 205
238 206
238 207
238 208
238 219
238 220
238 223
238 224
238 225
238 226
238 227
238 228
238 243
238 244
238 245
238 246
239 59
239 60
239 61
239 70
239 71
239 72
239 73
239 75
239 76
239 77
239 87
239 88
239 89
239 90
239 91
239 92
239 93
239 94
239 95
239 96
239 97
239 98
239 99
239 112
239 113
239 114
239 167
239 168
239 169
239 170
239 182
239 183
239 187
239 188
239 189
239 190
239 191
239 192
239 193
239 194
239 195
239 196
239 197
239 198
239 199
239 200
239 201
239 202
239 203
239 204
239 205
239 206
239 207
239 216
239 217
239 218
239 219
239 220
239 221
239 222
239 223
239 224
239 225
239 226
239 227
239 228
239 229
239 243
239 244
239 245
240 59
240 60
240 61
240 64
240 65
240 68
240 69
240 70
240 71
240 72
240 73
240 74
240 75
240 76
240 77
240 78
240 89
240 90
240 91
240 92
240 93
240 94
240 95
240 96
240 97
240 98
240 99
240 112
240 113
240 114
240 115
240 167
240 168
240 169
240 170
240 175
240 176
240 182
240 183
240 184
240 187
240 188
240 189
240 190
240 191
240 192
240 193
240 194
240 195
240 196
240 197
240 198
240 199
240 200
240 201
240 202
240 203
240 204
240 205
240 206
240 214
240 215
240 216
240 217
240 218
240 219
240 220
240 221
240 222
240 223
240 224
240 225
240 226
240 227
240 228
240 229
240 230
240 244
240 245
241 64
241 65
241 68
241 69
241 70
241 73
241 74
241 75
241 76
241 77
241 78
241 82
241 83
241 84
241 88
241 89
241 90
241 91
241 92
241 93
241 94
241 95
241 96
241 97
241 98
241 99
241 100
241 112
241 113
241 114
241 115
241 116
241 166
241 167
241 168
241 169
241 170
241 175
241 176
241 182
241 183
241 184
241 188
241 189
241 190
241 191
241 192
241 193
241 194
241 195
241 196
241 197
241 198
241 199
241 200
241 201
241 202
241 203
241 204
241 213
241 214
241 215
241 216
241 217
241 218
241 219
241 220
241 221
241 222
241 223
241 224
241 225
241 226
241 227
241 228
241 229
241 230
241 244
241 245
242 69
242 70
242 82
242 83
242 84
242 88
242 89
242 90
242 91
242 92
242 93
242 94
242 95
242 96
242 97
242 98
242 99
242 100
242 101
242 112
242 113
242 114
242 115
242 116
242 117
242 118
242 165
242 166
242 167
242 168
242 169
242 176
242 177
242 183
242 184
242 185
242 188
242 189
242 190
242 191
242 192
242 193
242 194
242 195
242 196
242 197
242 198
242 199
242 200
242 201
242 202
242 213
242 214
242 215
242 216
242 217
242 218
242 219
242 220
242 221
242 222
242 223
242 224
242 225
242 226
242 227
242 228
242 229
242 230
242 244
242 245
243 66
243 67
243 83
243 84
243 88
243 89
243 90
243 91
243 92
243 93
243 94
243 95
243 96
243 97
243 98
243 99
243 100
243 101
243 102
243 113
243 114
243 115
243 116
243 117
243 118
243 119
243 164
243 165
243 166
243 167
243 168
243 169
243 176
243 177
243 183
243 184
243 185
243 186
243 187
243 188
243 189
243 190
243 191
243 192
243 193
243 194
243 195
243 196
243 197
243 198
243 199
243 200
243 207
243 208
243 209
243 210
243 211
243 212
243 213
243 214
243 215
243 216
243 217
243 218
243 219
243 220
243 221
243 222
243 223
243 224
243 225
243 226
243 227
243 228
244 62
244 63
244 66
244 67
244 93
244 94
244 95
244 96
244 97
244 98
244 99
244 100
244 101
244 102
244 103
244 104
244 114
244 115
244 116
244 117
244 118
244 119
244 120
244 163
244 164
244 165
244 166
244 167
244 168
244 169
244 176
244 177
244 184
244 185
244 186
244 187
244 202
244 203
244 204
244 205
244 206
244 207
244 208
244 209
244 210
244 211
244 212
244 213
244 214
244 215
244 216
244 217
244 218
244 219
244 220
244 221
244 222
244 223
244 224
245 57
245 58
245 62
245 63
245 66
245 67
245 82
245 83
245 95
245 96
245 97
245 98
245 99
245 100
245 101
245 102
245 103
245 104
245 105
245 116
245 117
245 118
245 119
245 120
245 121
245 160
245 161
245 162
245 163
245 164
245 165
245 166
245 167
245 168
245 169
245 176
245 177
245 178
245 185
245 186
245 187
245 199
245 200
245 201
245 202
245 203
245 204
245 205
245 206
245 207
245 208
245 209
245 210
245 211
245 212
245 213
245 214
245 215
245 216
245 217
245 218
245 219
245 220
246 57
246 58
246 82
246 83
246 88
246 89
246 90
246 97
246 98
246 99
246 100
246 101
246 102
246 103
246 104
246 105
246 106
246 109
246 110
246 111
246 117
246 118
246 119
246 120
246 121
246 122
246 157
246 158
246 159
246 160
246 161
246 162
246 163
246 164
246 165
246 166
246 167
246 168
246 169
246 177
246 178
246 186
246 187
246 188
246 197
246 198
246 199
246 200
246 201
246 202
246 203
246 204
246 205
246 206
246 207
246 208
246 209
246 210
246 211
246 212
246 213
246 214
247 64
247 65
247 66
247 79
247 80
247 88
247 89
247 90
247 99
247 100
247 101
247 102
247 103
247 104
247 105
247 106
247 107
247 108
247 109
247 110
247 111
247 113
247 114
247 115
247 116
247 117
247 118
247 119
247 120
247 121
247 122
247 123
247 124
247 145
247 146
247 147
247 148
247 149
247 152
247 153
247 154
247 155
247 156
247 157
247 158
247 159
247 160
247 161
247 162
247 163
247 164
247 165
247 166
247 167
247 168
247 171
247 172
247 177
247 178
247 186
247 187
247 188
247 193
247 194
247 195
247 196
247 197
247 198
247 199
247 200
247 201
247 202
247 203
247 204
247 205
247 206
247 207
247 208
247 209
247 210
247 211
247 212
248 64
248 65
248 66
248 75
248 76
248 79
248 80
248 88
248 89
248 90
248 91
248 92
248 103
248 104
248 105
248 106
248 107
248 108
248 109
248 110
248 111
248 112
248 113
248 114
248 115
248 116
248 117
248 118
248 119
248 120
248 121
248 122
248 123
248 124
248 144
248 145
248 146
248 147
248 148
248 149
248 152
248 153
248 154
248 155
248 156
248 157
248 158
248 159
248 160
248 161
248 162
248 163
248 164
248 165
248 166
248 167
248 168
248 171
248 172
248 177
248 178
248 186
248 187
248 188
248 193
248 194
248 195
248 196
248 197
248 198
248 199
248 200
248 201
248 202
248 203
248 204
248 205
248 206
248 207
248 208
248 209
248 210
248 211
248 212
249 75
249 76
249 90
249 91
249 92
249 103
249 104
249 105
249 106
249 107
249 108
249 109
249 110
249 111
249 112
249 113
249 114
249 115
249 116
249 117
249 118
249 119
249 120
249 121
249 122
249 123
249 124
249 144
249 145
249 146
249 147
249 148
249 153
249 154
249 155
249 156
249 157
249 158
249 159
249 160
249 161
249 162
249 165
249 166
249 167
249 168
249 187
249 188
249 194
249 195
249 196
249 197
249 198
249 199
249 200
249 204
249 205
249 206
249 207
249 208
249 209
249 210
249 211
249 212